 0
0 
1 1.9444444444444444
2 2.3055555555555554
3 3.7222222222222223
4 2.7
5 2.59375
6 1.9285714285714286
7 2.357142857142857
8 2.375
9 3.0
10 2.1875
11 2.5
12 2.4375
13 2.75
14 2.3333333333333335
15 2.7
16 2.4166666666666665
17 2.3055555555555554
18 2.5416666666666665
19 2.53125
20 2.3333333333333335
21 3.0833333333333335
22 2.5833333333333335
23 3.375
24 1.875
25 2.1785714285714284
26 2.9722222222222223
27 2.1785714285714284
28 2.3333333333333335
29 2.4166666666666665
30 2.3214285714285716
31 2.6666666666666665
32 2.15
33 2.78125
34 2.7777777777777777
35 2.25
36 2.625
37 2.357142857142857
38 3.8333333333333335
39 2.142857142857143
40 2.875
41 2.892857142857143
42 3.21875
43 2.7222222222222223
44 2.0
45 2.8214285714285716
46 2.25
47 2.09375
48 2.75
49 2.9285714285714284
50 2.53125
51 2.2083333333333335
52 2.6666666666666665
53 3.0357142857142856
54 2.2142857142857144
55 2.45
56 2.392857142857143
57 2.375
58 2.2777777777777777
59 2.5
60 1.875
61 2.6944444444444446
62 1.9642857142857142
63 2.5
64 2.4285714285714284
65 2.0625
66 2.5714285714285716
67 2.2
68 2.65625
69 2.28125
70 2.71875
71 3.40625
72 2.0714285714285716
73 2.59375
74 2.75
75 2.642857142857143
76 2.8125
77 1.9166666666666667
78 2.025
79 2.6666666666666665
80 3.4583333333333335
81 3.5
82 2.375
83 4.392857142857143
84 2.34375
85 2.861111111111111
86 3.05
87 2.8214285714285716
88 2.1
